---
poses:
- x: 0.0
  y: 0.0
  heading: 0.0
- x: 10.0
  y: 0.0
  heading: 0.0
- x: 20.0
  y: 10.0
  heading: 1.5707963267948966
constraints:
  maximumVelocity: 15.0
  maximumAcceleration: 30.0
  maximumAngularVelocity: 1.5707963267948966
  maximumAngularAcceleration: 3.141592653589793
resolution: 250
